749 164 875 824 
241 370 999 
642 568 257 797 582 173 961 503 622 789 
792 995 315 616 798 774 465 783 875 
699 701 663 292 423 14 359 694 8 
806 213 477 
451 908 602 272 700 597 587 669 
237 753 436 495 404 431 464 773 
831 184 147 477 906 956 716 898 
734 166 158 823 276 367 681 383 
501 476 
484 553 398 659 
856 589 
391 751 887 532 399 880 73 104 532 38 
538 386 539 916 444 842 470 
306 318 864 318 130 35 
969 493 462 721 732 994 472 613 419 928 
721 341 348 459 233 264 903 75 86 20 
338 757 711 468 
539 113 83 1 186 815 348 658 
586 925 929 659 619 277 118 852 893 373 
393 
731 929 788 551 425 25 
108 444 
792 88 704 911 26 
686 249 469 
363 530 732 695 
